f=60;
w=2*pi*f;
r=10000;
c=33*10^(-6);
T=1/f;
matz=1;

(T/4+T/12)*0.33